/**
 * Copyright 2020 Google LLC
 *
 * Licensed under the Apache License, Version 2.0 (the "License");
 * you may not use this file except in compliance with the License.
 * You may obtain a copy of the License at
 *
 *     http://www.apache.org/licenses/LICENSE-2.0
 *
 * Unless required by applicable law or agreed to in writing, software
 * distributed under the License is distributed on an "AS IS" BASIS,
 * WITHOUT WARRANTIES OR CONDITIONS OF ANY KIND, either express or implied.
 * See the License for the specific language governing permissions and
 * limitations under the License.
 */

/**
 * @fileoverview
 * Harrell-Davis weights for small n. Calculated with Boost's `ibeta`,
 * calculated internally with `cpp_bin_float_100`, then exactly rounded for use
 * as a double in JS. See `harrell-davis-estimator-weights.js` for more info.
 */

/** The minimum length supported by the lookup table. */
const minLookupLength = 6;
/** The decile represented by the first element in each entry. */
const minLookupDecile = 1;

/* eslint-disable max-len */

const lookupTableWeights = [
  [
    // Length  6
    [0.7898256700880285, 0.1574922708726412, 0.042782230483237295, 0.008886222419614702, 0.000991275412697351, 0.000022330723780941886],
    [0.5019589676525787, 0.3129953219442848, 0.13585937268292422, 0.04185288398246416, 0.007060788136943479, 0.00027266560080457314],
    [0.2571395764045438, 0.35630704233785426, 0.244483358687983, 0.11158646769453591, 0.028584108314021573, 0.001899446561061491],
    [0.10647009166252251, 0.2868213692949225, 0.30790688779382064, 0.20805807049401193, 0.08136113725654835, 0.009382443498174044],
    [0.035493827160493825, 0.1743827160493827, 0.29012345679012347, 0.29012345679012347, 0.1743827160493827, 0.035493827160493825],
  ], [
    // Length  7
    [0.7461974715454666, 0.18339169660322238, 0.054615352450043085, 0.013384540522040552, 0.002233448465705099, 0.00017533859490366323, 0.0000021518186186160618],
    [0.41995300807899316, 0.33510483489694154, 0.1664931230184475, 0.0613777033856725, 0.015180277833315032, 0.0018496702001233939, 0.00004138258650686885],
    [0.18042766529013304, 0.3322740967548868, 0.2713533093790969, 0.15001759385306992, 0.055041848335457964, 0.010458104336858245, 0.00042738205049716485],
    [0.059818472389176064, 0.22357580006933941, 0.2959086486576746, 0.24462547689977995, 0.1333254624061832, 0.03976106064474315, 0.002985078933103611],
    [0.015312673785219767, 0.10956565833803315, 0.23206061785423956, 0.28612210004501504, 0.23206061785423956, 0.10956565833803315, 0.015312673785219767],
  ], [
    // Length  8
    [0.7017833985911087, 0.20825747311205545, 0.06714305187801513, 0.018441062271971596, 0.003843354373968566, 0.0005038310208325702, 0.0000276444200611082, 1.843319868216982e-7],
    [0.34602954501898125, 0.34616829081479566, 0.19477970790414328, 0.08221074693219449, 0.02538097360005163, 0.004987440804233359, 0.00043762172092576973, 0.000005673204674545521],
    [0.12304530984160861, 0.2957398035466937, 0.2848809201519747, 0.1839033329098618, 0.08404302076518419, 0.024802372343072147, 0.003497059762156783, 0.0000881806794481033],
    [0.032204115395281244, 0.1645654546980267, 0.26656253088405435, 0.2619873561285446, 0.1771314998051966, 0.07870580959480937, 0.017959364232749367, 0.0008838692613377115],
    [0.0062389373779296875, 0.06431770324707031, 0.17246437072753906, 0.25697898864746094, 0.25697898864746094, 0.17246437072753906, 0.06431770324707031, 0.0062389373779296875],
  ], [
    // Length  9
    [0.6570876073559525, 0.23165077772872564, 0.08026947544158879, 0.02407176331410375, 0.005805416398018789, 0.0010081512377147234, 0.00010285922594178733, 0.000003935070931866999, 1.4227022199478765e-8],
    [0.28103724145285164, 0.3469037288411665, 0.21963961651268712, 0.10379284374616028, 0.03740786943473743, 0.009626236960795528, 0.001497147833640876, 0.00009460478881940395, 7.104291412382877e-7],
    [0.08172875001709566, 0.2528912918430636, 0.2856455817807674, 0.21136292341717466, 0.11362673927798607, 0.04334529535804383, 0.010302364803762903, 0.0010802153830479294, 0.000016838119057964273],
    [0.016675253725101667, 0.1152734403985507, 0.22726924557308745, 0.2617128453512289, 0.20949762574264225, 0.11854998152728716, 0.043205081748128225, 0.007571176031914101, 0.0002453499020595129],
    [0.0024138467544719292, 0.035588315934818676, 0.12023653992670555, 0.21426214717751413, 0.2549983004129794, 0.21426214717751413, 0.12023653992670555, 0.035588315934818676, 0.0024138467544719292],
  ], [
    // Length  10
    [0.612579511, 0.253202761, 0.093864121, 0.030275911, 0.008124571, 0.001690981, 0.000242461, 0.000019171, 5.11e-7, 1e-9],
    [0.225159022, 0.338633362, 0.240204382, 0.125459362, 0.051012622, 0.015730162, 0.003368062, 0.000414082, 0.000018862, 8.2e-8],
    [0.052972138, 0.208830358, 0.275366338, 0.231044158, 0.141943258, 0.064808998, 0.020743858, 0.003977038, 0.000310858, 0.000002998],
    [0.008331094, 0.077310634, 0.184699174, 0.247049434, 0.228703414, 0.154553674, 0.074057734, 0.022228474, 0.003002134, 0.000064234],
    [0.00089092, 0.01869052, 0.07922722, 0.16775902, 0.23343232, 0.23343232, 0.16775902, 0.07922722, 0.01869052, 0.00089092],
  ], [
    // Length  11
    [0.5686830046166392, 0.2726164669768315, 0.10777794119616317, 0.03703841762532635, 0.01081060838904343, 0.002560226718872164, 0.0004562202221991849, 0.00005376520667225451, 0.00000328793269004611, 6.10509889989776e-8, 6.457371430223241e-11],
    [0.17807452546944896, 0.32302883550536604, 0.25588373535600545, 0.14651285214506765, 0.06589327745154014, 0.023259299891695274, 0.006143710135593116, 0.0010939554803657025, 0.00010630511875169798, 0.0000034946573681080523, 8.788797816253447e-9],
    [0.03355860250456437, 0.16720488477290224, 0.25647684637277096, 0.24232211283956911, 0.1673074799819582, 0.08790830208764781, 0.034424867369894044, 0.009275733060158683, 0.0014367590773830873, 0.00008391111123280297, 5.00821918702216e-7],
    [0.004027083004439882, 0.04988469081004147, 0.1438645176466065, 0.2222342474035022, 0.2347101607442237, 0.18335283172971356, 0.10648840241731954, 0.043507093294926705, 0.01078843779668541, 0.0011265943292929831, 0.000015940823248053295],
    [0.0003149058822224176, 0.009368513286374423, 0.04963953149241751, 0.12433482411003735, 0.20020098382954393, 0.23228248279880873, 0.20020098382954393, 0.12433482411003735, 0.04963953149241751, 0.009368513286374423, 0.0003149058822224176],
  ], [
    // Length  12
    [0.5257706427766116, 0.2896664735413047, 0.12185222309968864, 0.04433198279374815, 0.013872831648058817, 0.003626718729791762, 0.0007531187252373152, 0.00011442317802669564, 0.000011056273827053018, 5.224718289152868e-7, 6.758017747733227e-9, 3.858645699873177e-12],
    [0.13911984882036604, 0.3018943468934889, 0.26638243939188366, 0.1662790464682715, 0.08169039388561099, 0.0321423111703577, 0.009893225873007616, 0.002240507086413372, 0.0003317809193709567, 0.00002549317718259639, 6.054338908125481e-7, 8.801558581467576e-10],
    [0.020810518483892617, 0.13023205063136412, 0.2316836577240576, 0.24530476365266968, 0.18833677013623604, 0.11131680844459432, 0.050760394335599986, 0.01714648160367854, 0.0038984994613815694, 0.0004886117491776506, 0.00002136487057887503, 7.890676897213459e-8],
    [0.001887859342007911, 0.031088940805307386, 0.10787180751797522, 0.1916525860335539, 0.22893583154842287, 0.20289055617986312, 0.1370194379565258, 0.06909953945428789, 0.02418127512735406, 0.0049662908786869495, 0.0004021092210018027, 0.0000037659350130803746],
    [0.0001069483025156494, 0.004501843230787201, 0.029718715485740118, 0.08775754099193096, 0.16243151443939605, 0.21548343754963, 0.21548343754963, 0.16243151443939605, 0.08775754099193096, 0.029718715485740118, 0.004501843230787201, 0.0001069483025156494],
  ], [
    // Length  13
    [0.4841610004091901, 0.30419656305063203, 0.1359246049352953, 0.052118724260594884, 0.01731790107207451, 0.004902489603469488, 0.001142423232771914, 0.00020730369568941934, 0.000026791856298812993, 0.000002119805361541429, 7.738118489355345e-8, 6.97222429452397e-10, 2.1468256797019509e-13],
    [0.10742767368298861, 0.2769975542234521, 0.27168549076862447, 0.18415018280103568, 0.09799972915086713, 0.04226461385195122, 0.014662220246466798, 0.003945546854255786, 0.0007666984993081081, 0.00009444941837480484, 0.0000057418285237081865, 9.859136016179176e-8, 8.279142208177849e-11],
    [0.012648905621428067, 0.09893763991220653, 0.20360065766247082, 0.24072293848982104, 0.20405510085280137, 0.1337345072999549, 0.06900014749787585, 0.027536358020169908, 0.008053464625057823, 0.001547910017453969, 0.0001572034090060359, 0.000005154814250516987, 1.1777503156831464e-8],
    [0.0008600813578544416, 0.01877328151585359, 0.07814140614677023, 0.1591755516198711, 0.21379313700097852, 0.21241530324118613, 0.162851236184051, 0.09640341499473654, 0.04249214998244782, 0.012778302036551257, 0.0021782149440669534, 0.00013707094479959375, 8.500308328167001e-7],
    [0.000034999247806845385, 0.002081447655093798, 0.0170706537185768, 0.05926939955654182, 0.12552469033155547, 0.18864568566847498, 0.21474624764390057, 0.18864568566847498, 0.12552469033155547, 0.05926939955654182, 0.0170706537185768, 0.002081447655093798, 0.000034999247806845385],
  ], [
    // Length  14
    [0.44411831991754336, 0.31611575168800626, 0.14983369967390114, 0.06035153290149635, 0.021148826092827158, 0.006399692733355242, 0.0016338344543257775, 0.0003385005013214118, 0.00005356918990232833, 0.000005881273754740504, 3.8076981194138346e-7, 1.0736360825834364e-8, 6.738226160815837e-11, 1.1179271015961316e-14],
    [0.08204019459414161, 0.24995028005895734, 0.2720226215079309, 0.1996169169065109, 0.11439090618763462, 0.053465722774101596, 0.020468631059714207, 0.0062887459733721495, 0.0014821047196907104, 0.00024728738440106307, 0.000025353409898875224, 0.0000012202580675480073, 1.5158230603389167e-8, 7.347904260615047e-12],
    [0.007544347150303654, 0.07347577865835536, 0.17449701943128634, 0.22975869063722906, 0.2139408371349402, 0.15397898473581717, 0.08827121132070313, 0.04020140953797812, 0.014115550804291648, 0.003583768939031859, 0.0005831638369097131, 0.000048052951812388054, 0.0000011831896311601535, 1.6717101725526016e-9],
    [0.000381497458236337, 0.011013334040511014, 0.054848690893510126, 0.1277808663927227, 0.19215830468840503, 0.21233680173207584, 0.18202978069443376, 0.12285309545977609, 0.06430685000915314, 0.02488532962499038, 0.0064467281063975155, 0.0009137587986512842, 0.00004477820779798079, 1.838933388175332e-7],
    [0.00001106407671863773, 0.0009287815323703894, 0.009440039518338246, 0.03845203102204531, 0.09286755123462251, 0.15712107588887303, 0.2011794567270319, 0.2011794567270319, 0.15712107588887303, 0.09286755123462251, 0.03845203102204531, 0.009440039518338246, 0.0009287815323703894, 0.00001106407671863773],
  ], [
    // Length  15
    [0.40585387139708023, 0.3253930298475779, 0.1634228728597351, 0.06897531646246487, 0.025364446890593435, 0.00812989432671859, 0.002237385116830359, 0.0005142742843297002, 0.00009458845712115154, 0.000013039432738327182, 0.000001215162780019768, 6.435421914191223e-8, 1.4016837132026798e-9, 6.126927217725284e-12, 5.473286818575562e-16],
    [0.06199331805755298, 0.22213522949917247, 0.26782046412455457, 0.21228930330766574, 0.13042794774451544, 0.06554215616445884, 0.027299025106810523, 0.009336262281617179, 0.0025476163171722984, 0.0005265108593353937, 0.0000754752885277973, 0.000006443358696808915, 2.4568049049834944e-7, 2.2088117835093642e-9, 6.177181411796731e-13],
    [0.004420225327206773, 0.05344121768696809, 0.14616111541388271, 0.21385442291662535, 0.21791901506466643, 0.1710681268515078, 0.10763907515935606, 0.054730225513811424, 0.022156470945022863, 0.00686957398026379, 0.00151701217366705, 0.00020925333534203662, 0.000014006179125137758, 2.592261517107642e-7, 2.264027781847214e-10],
    [0.0001650160408116384, 0.006290806497842097, 0.03739855802582626, 0.09944078917822541, 0.1668973069386195, 0.20395293078619509, 0.1935268126264724, 0.14619353777864094, 0.08781529713408666, 0.0408852129327126, 0.013935743971668333, 0.0031160585349790672, 0.00036783154100296513, 0.000014059777801033492, 3.8235116001362335e-8],
    [0.000003386031963124131, 0.00040100064130710745, 0.005040386855907165, 0.02404136405450047, 0.0660426760892742, 0.12522918358270788, 0.17890526286297292, 0.20067347976273428, 0.17890526286297292, 0.12522918358270788, 0.0660426760892742, 0.02404136405450047, 0.005040386855907165, 0.00040100064130710745, 0.000003386031963124131],
  ], [
    // Length  16
    [0.3695285963975999, 0.3320511650062155, 0.1765433914668842, 0.07792821481130131, 0.02995916793568095, 0.01010357360126428, 0.002963274858353364, 0.0007411418703825648, 0.00015322992610826194, 0.000024996924537721743, 0.0000029995843141450045, 2.3717095309017228e-7, 1.0273019341434241e-8, 1.7285917184671963e-10, 5.261681723422439e-13, 2.529379316704681e-17],
    [0.046374304354604136, 0.19467146661359402, 0.25964923643194165, 0.22190745712695178, 0.1456894249354334, 0.07825400655051983, 0.03510650432769078, 0.013138086979420809, 0.0040299390978664655, 0.0009785734764145744, 0.00017752096352658824, 0.000021875968572438277, 0.0000015558430348912002, 4.7024309129082276e-8, 3.0607018586019826e-10, 4.935716729252489e-14],
    [0.0025464280891809806, 0.03812822651396517, 0.11986235993732423, 0.19453404308543706, 0.21630859450621484, 0.18427947845183995, 0.12617622551858002, 0.07057540204251929, 0.03210624021927148, 0.011607992283637568, 0.0031863387353765916, 0.0006129617040280275, 0.00007174943542246228, 0.000003905079076157605, 5.43687846489015e-8, 2.934151347453948e-11],
    [0.00006970539736312321, 0.0035052732512233582, 0.02482449206272023, 0.0752042352452819, 0.1405207997417736, 0.18911280413740886, 0.1972007818247694, 0.1646886232813951, 0.11108617968577959, 0.05982656445741686, 0.024878900148899895, 0.0074874994456996325, 0.001447391071731516, 0.000142488807455785, 0.00000425378200874075, 7.659072420628117e-9],
    [0.0000010051345363457087, 0.00016788355664158067, 0.002604982661242934, 0.014525967011703438, 0.04529357433441305, 0.09593613842573745, 0.15205187722037192, 0.18941857165535328, 0.18941857165535328, 0.15205187722037192, 0.09593613842573745, 0.04529357433441305, 0.014525967011703438, 0.002604982661242934, 0.00016788355664158067, 0.0000010051345363457087],
  ], [
    // Length  17
    [0.3352566850029063, 0.33615989814625924, 0.18905703407339283, 0.08714282024326023, 0.0349228485700356, 0.012329745647329209, 0.003821693785820634, 0.001025892130291173, 0.0002330953954361901, 0.00004332253899636829, 0.000006264905064057766, 6.541159813663308e-7, 4.3870804415774725e-8, 1.5541744691200948e-9, 2.0205085859673356e-11, 4.282103140734094e-14, 1.107180365990399e-18],
    [0.03435697841651429, 0.16840989225995487, 0.24816942510527834, 0.22834291275485527, 0.1597867144434905, 0.09133395043970363, 0.04381043509213669, 0.017725256818514598, 0.005990851037153613, 0.0016525780077207175, 0.00035760977349845696, 0.0000569889296008466, 0.000006040238674572862, 3.580595292067701e-7, 8.582920985681867e-9, 4.0449665998154774e-11, 3.759694067186841e-15],
    [0.0014436229584274614, 0.026720562628890963, 0.096383861259894, 0.1732561250961869, 0.2097393580761352, 0.19318041304172426, 0.14302832744385896, 0.08709444638733276, 0.04375928328335966, 0.01791497005166413, 0.005804011247849039, 0.0014132585254667649, 0.0002371281997175301, 0.000023576503312899865, 0.0000010443485308312599, 1.0944000463128454e-8, 3.6482402789688404e-12],
    [0.000028791908158006884, 0.0019083959796199466, 0.016071230078766305, 0.05538696837119204, 0.11498870834286633, 0.16988358121196945, 0.19365517859745904, 0.1772406371081486, 0.13230659995551652, 0.08039546717511821, 0.03902220578440144, 0.014539035885530058, 0.0038709372406335214, 0.0006477711343279075, 0.000053246915583809884, 0.0000012428294186445247, 1.4812901720418758e-9],
    [2.8990803413861387e-7, 0.00006828451457632724, 0.0013059803494247324, 0.008501683262564397, 0.03003930383578439, 0.07089027114333951, 0.12412684150049604, 0.1705405735140393, 0.18905354394348234, 0.1705405735140393, 0.12412684150049604, 0.07089027114333951, 0.03003930383578439, 0.008501683262564397, 0.0013059803494247324, 0.00006828451457632724, 2.8990803413861387e-7],
  ], [
    // Length  18
    [0.30310979117041714, 0.33782883212876474, 0.20083820408084355, 0.09654740967843793, 0.040240808664207546, 0.0148156640051031, 0.004822648405621814, 0.0013755632849467448, 0.0003380323347353406, 0.00006975863395329004, 0.000011651024055712557, 0.0000014930464819965799, 1.3560296779594708e-7, 7.713705103293111e-9, 2.2350963277594055e-10, 2.245241788682972e-12, 3.312406006016188e-15, 4.6046690515226705e-20],
    [0.02521934761433508, 0.14394992051779684, 0.23408255755956148, 0.23159208794666072, 0.17237932222993554, 0.10449774200138726, 0.053297952960390894, 0.02310749095002049, 0.008484880205475732, 0.002598898418667934, 0.0006459549787985459, 0.00012470222443138285, 0.000017468888891691948, 0.0000015932442665494892, 7.875637126894126e-8, 1.4978964764930861e-9, 5.111844870174037e-12, 2.7375416823668205e-16],
    [0.0008060250115422889, 0.018415530506980242, 0.0760978282066826, 0.15130863191219962, 0.19905386378683418, 0.19762913550933564, 0.15747031000785036, 0.10359697480644321, 0.05678888626174335, 0.0258091609240063, 0.009548039099785167, 0.002778717180101274, 0.0006011205447517364, 0.00008806240803335939, 0.000007443168848943926, 2.6854537345506766e-7, 2.1190520806996486e-9, 4.3619610135279646e-13],
    [0.000011642347065238487, 0.001016612594732783, 0.010163983146720157, 0.03979631470935041, 0.09164935723229999, 0.14827125120924475, 0.18403230166068546, 0.1834147904976874, 0.14997226627511073, 0.10110936896409375, 0.05569300745149041, 0.02445588176500609, 0.008183240871413467, 0.0019304223658493018, 0.0002799708102852149, 0.000019236481035670874, 3.5134079715450416e-7, 2.7713204191620896e-10],
    [8.137046711713734e-8, 0.000027027328664825455, 0.0006363274190616167, 0.0048298365635871775, 0.019310648677746716, 0.050671304732606254, 0.09770684636805421, 0.14729782815502226, 0.17952009938478983, 0.17952009938478983, 0.14729782815502226, 0.09770684636805421, 0.050671304732606254, 0.019310648677746716, 0.0048298365635871775, 0.0006363274190616167, 0.000027027328664825455, 8.137046711713734e-8],
  ], [
    // Length  19
    [0.27312163669653894, 0.3372002709324785, 0.2117755710993866, 0.10606718154693555, 0.04589392814563107, 0.017566581490347528, 0.005975793206729923, 0.0017973983066195667, 0.0004721436207915848, 0.00010623113652387735, 0.000019908996582652495, 0.0000029875172540221888, 3.391870232280889e-7, 2.6793614249558817e-8, 1.2926663573671612e-9, 3.0638260201709046e-11, 2.3783015162101373e-13, 2.442025194489954e-16, 1.8245164393854965e-21],
    [0.018348364682211748, 0.12166944192260004, 0.2180888042138365, 0.23176353341601771, 0.1831866104985888, 0.11745536804406057, 0.06342707849008658, 0.02927154957423537, 0.011556914411128086, 0.0038676256995314362, 0.0010761994409906356, 0.00024136018025181454, 0.00004160407805506932, 0.000005126022567762044, 4.0247758881587275e-7, 1.6597073158793333e-8, 2.505566788315082e-10, 6.191946591991254e-13, 1.909921756717751e-17],
    [0.0004435298471705696, 0.012494184342649163, 0.05905968674931464, 0.12974633402454036, 0.18520820667500476, 0.19775049120848923, 0.16894728910137943, 0.11939363726564504, 0.07076995957243938, 0.03520784397608921, 0.014544825043001747, 0.004877011848621895, 0.001277392185325608, 0.0002458100357255718, 0.0000314684613671828, 0.000002262728452954454, 6.653925255950579e-8, 3.9548043240413403e-10, 5.0254033519281676e-14],
    [0.000004613503947355203, 0.0005305371611344862, 0.006288431155838245, 0.027940202540927304, 0.07127856692334386, 0.1260223755754164, 0.1697850708526458, 0.18338037506650334, 0.16301319762412209, 0.12050250969617002, 0.0739097431092172, 0.0370723785742538, 0.014770416088251552, 0.004446991696985443, 0.0009306667488146315, 0.00011709604590494405, 0.000006731319888813346, 9.626639312772e-8, 5.024156996884037e-11],
    [2.225588428651334e-8, 0.00001042515456280735, 0.0003018282671667454, 0.002668160653290223, 0.012056787899981528, 0.03511952304995927, 0.07438969300872002, 0.12257822821456002, 0.16325206312112137, 0.17924653674950744, 0.16325206312112137, 0.12257822821456002, 0.07438969300872002, 0.03511952304995927, 0.012056787899981528, 0.002668160653290223, 0.0003018282671667454, 0.00001042515456280735, 2.225588428651334e-8],
  ], [
    // Length  20
    [0.24529279492938477, 0.3344422262390177, 0.2217732625510396, 0.11562548313694082, 0.05185882751848475, 0.020585558598505506, 0.00729026869277491, 0.002298786689170952, 0.000639786092187804, 0.0001548585798369572, 0.000031906007672358357, 0.0000054300751584068416, 7.319986332642544e-7, 7.362227357014559e-8, 5.057915879588681e-9, 2.0696575321131935e-10, 4.012927962355423e-12, 2.4072437644577026e-14, 1.7199930953979493e-17, 6.90460205078125e-23],
    [0.013236008882741306, 0.10176154892161943, 0.20085293361654605, 0.2290607662333046, 0.19199560370830177, 0.12992213925898172, 0.07403120473360233, 0.03618047377406288, 0.015239940135794184, 0.005506856320983227, 0.0016846274180618037, 0.00042661479521334284, 0.00008642667109056574, 0.00001331132328369906, 0.000001443216121403934, 9.759138500966595e-8, 3.3585775674730926e-9, 4.0257065326907346e-11, 7.204112046203614e-14, 1.2795379638671874e-18],
    [0.0002406898767602237, 0.00835233086108591, 0.04510309144924923, 0.10936619206144008, 0.16918225340012888, 0.1938929180778215, 0.17709787720383696, 0.13384216458220424, 0.08520841450418352, 0.04593001036610193, 0.020856264199433986, 0.007859963561723613, 0.0023942288409269374, 0.0005652288976176089, 0.00009684947445007667, 0.000010842947840756124, 6.637070624174263e-7, 1.5916854840973726e-8, 7.127167392238312e-11, 5.589277616882324e-15],
    [0.0000017933047540240216, 0.0002715311192494056, 0.0038109262684845593, 0.01919406168432681, 0.054178868859426216, 0.10451232546365408, 0.15246347346256517, 0.1777917671781284, 0.17084924134882715, 0.1372842876777717, 0.09251527700853027, 0.05189854332391836, 0.023786999191501238, 0.008618311732281947, 0.002338213309960673, 0.0004345898563695773, 0.00004747824794968734, 0.000002285348693575861, 2.560476735273879e-8, 8.839828861209107e-12],
    [5.939339059664379e-9, 0.0000039239429880683356, 0.0001395774865889421, 0.0014356131802510338, 0.007324158754755214, 0.023650077577378636, 0.05492024348887266, 0.0986184210452381, 0.1428720661629805, 0.17103591242160776, 0.17103591242160776, 0.1428720661629805, 0.0986184210452381, 0.05492024348887266, 0.023650077577378636, 0.007324158754755214, 0.0014356131802510338, 0.0001395774865889421, 0.0000039239429880683356, 5.939339059664379e-9],
  ], [
    // Length  21
    [0.21959548298082887, 0.32974176520136667, 0.2307516300591762, 0.12514501114803853, 0.05810811972682966, 0.02387331424577258, 0.008774546395204471, 0.002887196972347461, 0.0008455602812923147, 0.0002179588379400666, 0.000048631642206139114, 0.000009176337447998687, 0.0000014181904055324882, 1.717343052052159e-7, 1.5300422414528796e-8, 9.141813555295107e-10, 3.172887111856966e-11, 5.033195057490669e-13, 2.3332911079193232e-15, 1.1599073124274058e-18, 2.5011478939407914e-24],
    [0.009470083524483383, 0.08427304987551018, 0.18297911781301207, 0.22376245731046704, 0.19866484958947137, 0.14162909357576497, 0.08492466320558179, 0.04377377631182874, 0.01955307048081502, 0.007560886589828086, 0.002509226283054641, 0.0007032035405293578, 0.00016228963684916832, 0.000029725052458269534, 0.0000040931141570678146, 3.9067586203708154e-7, 2.276017439697791e-8, 6.539194890739272e-10, 6.2248956764164315e-12, 8.066177496041331e-15, 8.247458496043527e-20],
    [0.0001288876784957086, 0.005505911466636594, 0.03392451295411612, 0.09071266228553891, 0.15190633476461787, 0.1865738512732455, 0.18175979273175255, 0.1463866321153559, 0.09957454735482335, 0.057706505409469894, 0.028471484733465603, 0.011849678227601496, 0.004084899156704235, 0.0011324066364854937, 0.0002412527492383855, 0.00003683930072996131, 0.0000036092870847380444, 1.881800602974196e-7, 3.6821536266113893e-9, 1.2423194031432399e-11, 6.011249599216301e-16],
    [6.843629195738762e-7, 0.00013642216117088003, 0.0022647225571982574, 0.012917725044590418, 0.04030335559801508, 0.08470992228503427, 0.13354079712775901, 0.16763710934950815, 0.17338030296201998, 0.1504558296437483, 0.11031570736584273, 0.06818582292092537, 0.03512481190893324, 0.014750101492587823, 0.004868559629214839, 0.0011917684802379889, 0.0001969038564729469, 0.000018692687932736916, 7.539441517401894e-7, 6.620225080610797e-9, 1.5116116378626993e-12],
    [1.5482489042439988e-9, 0.000001442873515225666, 0.00006301132963271431, 0.000753402268917732, 0.004335597707810444, 0.015501750915412758, 0.03940130100168525, 0.07691765159940019, 0.12078784298907538, 0.15682567813588005, 0.17082463926084274, 0.15682567813588005, 0.12078784298907538, 0.07691765159940019, 0.03940130100168525, 0.015501750915412758, 0.004335597707810444, 0.000753402268917732, 0.00006301132963271431, 0.000001442873515225666, 1.5482489042439988e-9],
  ], [
    // Length  22
    [0.19597822592162442, 0.3232988323138609, 0.23864761963479014, 0.13454896751036008, 0.0646107247939925, 0.027428116283768147, 0.010436281657104174, 0.0035701026112662316, 0.0010942929006311393, 0.0002980530832944519, 0.00007120447687810857, 0.000014649724793546137, 0.0000025318783018924477, 3.5534282689432845e-7, 3.8652771231204696e-8, 3.050491395877398e-9, 1.5851709138210587e-10, 4.666858729344061e-12, 6.057290843659823e-14, 2.1700637737805148e-16, 7.504187123310562e-20, 8.690180151794971e-26],
    [0.006722315641249207, 0.06914128776776218, 0.16499428988139753, 0.2162015950994621, 0.2031245636333691, 0.1523322015592609, 0.0959090401521845, 0.0519685845100719, 0.024499988123585063, 0.010068392794032226, 0.003588602624754282, 0.001096606274652059, 0.0002819990145771451, 0.00005937463168247357, 0.000009839276151156584, 0.0000012119061815372557, 1.0187110161089992e-7, 5.114874141108382e-9, 1.2272206030907598e-10, 9.279799865856094e-13, 8.706521916462632e-16, 5.123723895559714e-21],
    [0.00006814297584597998, 0.0035816234046584638, 0.02515168224301926, 0.07410374038890515, 0.13420779347124914, 0.17642072714370857, 0.18295959050092458, 0.15658713860658077, 0.1133374734253794, 0.07019635036539201, 0.03730382980323629, 0.01692661737287404, 0.006477161587781113, 0.0020467400383032104, 0.0005171057839943858, 0.00009951556969769332, 0.000013552228131519416, 0.0000011626059645675959, 5.165719567079529e-8, 8.250605303045156e-10, 2.0976120841662585e-12, 6.261249708208223e-17],
    [2.5660939395862884e-7, 0.00006734202769412411, 0.0013210861656906387, 0.008526310949228573, 0.029377900959602736, 0.0671997108352229, 0.11429208952370808, 0.15408112665969723, 0.17092446057914937, 0.15937710992231416, 0.12620753937712498, 0.08501865581011522, 0.04842020065663615, 0.022975895271178996, 0.008858716674575828, 0.00266769602904603, 0.0005898082620487635, 0.00008669344145949639, 0.000007156559765578368, 2.42020073932898e-7, 1.6660217149207467e-9, 2.5154131721303497e-13],
    [3.946425151515993e-10, 5.188659485521437e-7, 0.000027802411620834828, 0.00038613075792481107, 0.0025044056465516142, 0.009905231705597942, 0.027519392827428706, 0.05829170197136549, 0.09894572423553355, 0.13876249903356314, 0.16365659214982287, 0.16365659214982287, 0.13876249903356314, 0.09894572423553355, 0.05829170197136549, 0.027519392827428706, 0.009905231705597942, 0.0025044056465516142, 0.00038613075792481107, 0.000027802411620834828, 5.188659485521437e-7, 3.946425151515993e-10],
  ], [
    // Length  23
    [0.174370288079787, 0.31532064043268637, 0.2454147792945482, 0.1437621532820533, 0.07133223885819064, 0.031245710454622416, 0.0122821752656301, 0.00435490295687066, 0.0013910131400399052, 0.0003978668085244961, 0.00010087839438229607, 0.000022346632566042735, 0.0000042405221064350664, 6.713393933343847e-7, 8.556615885607024e-8, 8.360848102357821e-9, 5.845074161851336e-10, 2.6417624864115567e-11, 6.59785725519874e-13, 7.007376460686256e-15, 1.9400558448904457e-17, 4.666126419678624e-21, 2.9014030415693825e-27],
    [0.0047355979922974354, 0.056227076640184455, 0.14733919521677516, 0.20674501352778746, 0.20537348249608517, 0.16181998947015364, 0.106779899580452, 0.06066167969682112, 0.030067897258098827, 0.013060681577769217, 0.0049607769821813285, 0.0016345729638388984, 0.0004608149314067012, 0.00010887678668567784, 0.000020931797080252825, 0.0000031401999519995124, 3.4611894908448034e-7, 2.5631634838960842e-8, 1.109476725161843e-9, 2.223634550860335e-11, 1.3358454568649312e-13, 9.074060760979079e-17, 3.07292476537909e-22],
    [0.000035588217776739335, 0.0023005664183214512, 0.01839436438377755, 0.059668998557961976, 0.1167777485377836, 0.16411374998600542, 0.1808896689042692, 0.1641383719026364, 0.1259977348076468, 0.08300777353686808, 0.04719327095791217, 0.023120439304589718, 0.009682655784158731, 0.0034149202005641774, 0.000990799668278704, 0.00022840358333897455, 0.000039739014865027185, 0.000004829354461605011, 3.629495655781367e-7, 1.3749557781186332e-8, 1.7931677395182202e-10, 3.4354840610244224e-13, 6.324846264435881e-18],
    [9.460822643256696e-8, 0.000032685944860099086, 0.0007571307030906757, 0.0055248203646624874, 0.021005745035640726, 0.05224057570635029, 0.09572616598584743, 0.1383231169629518, 0.16412173737204003, 0.16378461826495028, 0.13927963122169854, 0.10141744821759385, 0.06309354878718462, 0.03322701498161104, 0.014558908350007234, 0.0051628461311583555, 0.0014201763235929048, 0.0002838480176214995, 0.000037143068778930915, 0.0000026678560889116436, 7.568745154810377e-8, 4.085515489912312e-10, 4.0781257173882556e-14],
    [9.845564340303088e-11, 1.826492839854037e-7, 0.00001200243159336321, 0.0001934902310923684, 0.001413389426024587, 0.0061784311674481255, 0.018741473874337583, 0.04300661600270037, 0.07872991850200348, 0.11887659465621327, 0.1511031995602277, 0.16348940280123908, 0.1511031995602277, 0.11887659465621327, 0.07872991850200348, 0.04300661600270037, 0.018741473874337583, 0.0061784311674481255, 0.001413389426024587, 0.0001934902310923684, 0.00001200243159336321, 1.826492839854037e-7, 9.845564340303088e-11],
  ], [
    // Length  24
    [0.15468579484697134, 0.30601669202952725, 0.251022941712967, 0.15271198507973, 0.07823534908209814, 0.03531928690278168, 0.0143178452067397, 0.005248840740442245, 0.0017409235226892093, 0.0005203278634011739, 0.00013904823674830788, 0.00003284183285041918, 0.000006748530720825398, 0.0000011813824863781515, 1.7134313081501317e-7, 1.9833648760688067e-8, 1.7409211359696863e-9, 1.078165233709344e-10, 4.238501155137175e-12, 8.980842959075084e-14, 7.80544404100867e-16, 1.6699817218563135e-18, 2.7932176348599054e-22, 9.324178916054173e-29],
    [0.0033115867255113325, 0.04534261245093559, 0.13036593558319112, 0.19577438748538828, 0.20547298941208977, 0.16991932666486095, 0.11733357356102199, 0.06973233086284206, 0.03622704672970764, 0.016560092857768077, 0.0066618944258006, 0.002346522650277447, 0.0007163638453046738, 0.00018659617090748806, 0.000040547731892043786, 0.000007122993249643018, 9.67877508443282e-7, 9.55025744857298e-8, 6.232610602254903e-9, 2.3264334119927732e-10, 3.895806279438308e-12, 1.8596027834562498e-14, 9.144756660296365e-18, 1.7818123114458135e-23],
    [0.00001836834111810713, 0.0014599606905906907, 0.013278663064642633, 0.04739228036058148, 0.10015619457623169, 0.15033511361713472, 0.17587643652929688, 0.16887678616328225, 0.13711561295294372, 0.09572210436364031, 0.057913976837028876, 0.030404287287322244, 0.013786955642649605, 0.005343744168412143, 0.0017403493284567867, 0.000464253356867909, 0.00009774411189876485, 0.000015385588399218505, 0.0000016694598670790952, 1.0996844186561875e-7, 3.5532884100870736e-9, 3.7849973328466055e-11, 5.4647190569388796e-14, 6.204215219913369e-19],
    [3.432000318731603e-8, 0.000015610464946596155, 0.0004266664690525657, 0.003517560846821687, 0.014747341292291119, 0.03984129482996857, 0.0785644977820411, 0.12148379836097124, 0.1538221897130087, 0.16376604899654315, 0.14888146474817332, 0.11643910873506597, 0.07841235226722691, 0.045230483449003295, 0.02208746621069085, 0.008954340518612562, 0.0029246115110226874, 0.0007356176411274214, 0.00013301403417523175, 0.000015505090632789276, 9.69535188542482e-7, 2.308569509625523e-8, 9.773093863799932e-11, 6.4485449362883514e-15],
    [2.406195761728315e-11, 6.299348847537886e-8, 0.00000507455542710147, 0.00009489709081860324, 0.0007801975022920926, 0.003766616549108708, 0.012462567371511805, 0.030940537477241355, 0.06097405718026897, 0.09886844817981526, 0.13494716629373996, 0.15716037478222572, 0.15716037478222572, 0.13494716629373996, 0.09886844817981526, 0.06097405718026897, 0.030940537477241355, 0.012462567371511805, 0.003766616549108708, 0.0007801975022920926, 0.00009489709081860324, 0.00000507455542710147, 6.299348847537886e-8, 2.406195761728315e-11],
  ], [
    // Length  25
    [0.136827493153597, 0.29559446217780316, 0.2554576224417068, 0.16132942068608602, 0.08528028570663354, 0.03963948338275361, 0.016547709904560247, 0.006258917294167268, 0.0021493659011484686, 0.0006685614940409653, 0.00018725453493282734, 0.00004679392904211733, 0.000010301076316187046, 0.0000019641121095435094, 3.1724683731253983e-7, 4.215688764497342e-8, 4.43205071146382e-9, 3.494845635680758e-10, 1.9174418560764563e-11, 6.556942350436894e-13, 1.1787887252429314e-14, 8.384335170451979e-17, 1.3861964392375685e-19, 1.6121800321065985e-23, 2.8887516647337624e-30],
    [0.002299376577305141, 0.036273995584333786, 0.11434064812971545, 0.18366949607358818, 0.20353915387747834, 0.17649925285857185, 0.12737370226350764, 0.0790457832064687, 0.04293085495201646, 0.020578630778411617, 0.008724896536060517, 0.0032628225443879708, 0.0010684549470116355, 0.00030273684016404376, 0.00007294516479655741, 0.000014590684056889388, 0.000002343432183759742, 2.885393267146735e-7, 2.5495987648872367e-8, 1.466739827030706e-9, 4.722390664227478e-11, 6.608772127655419e-13, 2.5067674803749475e-15, 8.92358305196989e-19, 1.0002469735190694e-24],
    [0.00000937347768036334, 0.0009158466399293453, 0.009467527961640035, 0.037153563452108684, 0.08473215905984209, 0.13572771598117742, 0.16834368743923062, 0.17077720479617708, 0.1463333013995466, 0.10791853852235231, 0.06918632808054666, 0.03869293782424001, 0.018841036711562738, 0.007932290814822282, 0.0028516733851427847, 0.0008589480410505245, 0.00021090216222280684, 0.00004058697590726106, 0.000005783406603649878, 5.60589707203559e-7, 3.2378066583227595e-8, 8.92666070689277e-10, 7.76839929209428e-12, 8.452166753025387e-15, 5.916742067082932e-20],
    [1.225737852497609e-8, 0.000007340575236894491, 0.00023659521343238335, 0.0022023205908170813, 0.010174821283232452, 0.0298379499300269, 0.0632558488697465, 0.10452722995456004, 0.1409748675058994, 0.15970282067071673, 0.15465490702262485, 0.12926351427173335, 0.09356751744972364, 0.058532384558618394, 0.03140381851664993, 0.014252192901721205, 0.005354546400893654, 0.0016126576289234148, 0.0003712226149142488, 0.00006076749701832583, 0.000006313530189482814, 3.438584275845765e-7, 6.874686416745518e-9, 2.2827613942524905e-11, 9.955051003317375e-16],
    [5.765346123187574e-12, 2.130278387703902e-8, 0.000002103053229851547, 0.000045596040994202995, 0.00042166890486032967, 0.0022467795822720903, 0.008101845245479545, 0.02173737728575065, 0.04604382800394225, 0.08000567594498807, 0.11691785968787567, 0.14596455512474052, 0.1570253796346352, 0.14596455512474052, 0.11691785968787567, 0.08000567594498807, 0.04604382800394225, 0.02173737728575065, 0.008101845245479545, 0.0022467795822720903, 0.00042166890486032967, 0.000045596040994202995, 0.000002103053229851547, 2.130278387703902e-8, 5.765346123187574e-12],
  ], [
    // Length  26
    [0.1206901199472755, 0.28425574975889556, 0.2587191759896162, 0.16954978298468845, 0.09242530237234939, 0.04419442409389608, 0.018974884303776512, 0.007391806675035733, 0.0026217830953507854, 0.0008458823860216473, 0.00024718711884457725, 0.00006495071175592662, 0.000015188080070854536, 0.0000031175088237902874, 5.516999234609605e-7, 8.223361897353844e-8, 1.0012797177376774e-8, 9.561328681793443e-10, 6.773461570065756e-11, 3.292438730881413e-12, 9.794434464677198e-14, 1.4940873791487345e-15, 8.697213244053544e-18, 1.1111233335423802e-20, 8.984555757333544e-25, 8.6402860266352e-32],
    [0.0015856137395728206, 0.028798541072214228, 0.09944995110893821, 0.17079425892733624, 0.19973335338206177, 0.18147284025451982, 0.1367172432862808, 0.08845723568303135, 0.05011663640731126, 0.025116887696524367, 0.011178205084902195, 0.0044139636741108755, 0.0015387970010121916, 0.0004693783015064771, 0.00012360094352711706, 0.000027576033921068453, 0.000005080706458630137, 7.464461362775113e-7, 8.331229227271832e-8, 6.594440960074047e-9, 3.3450043233190113e-10, 9.291645264479078e-12, 1.0868814214808532e-13, 3.276240915155802e-16, 8.441928404539747e-20, 5.442939211821478e-26],
    [0.00000473123125121233, 0.0005681759056930771, 0.006670665682585963, 0.028766379946483383, 0.07075501550763319, 0.12086481469204712, 0.15877494307392717, 0.16994049630936398, 0.15338982892857952, 0.11919785111460217, 0.08069232532472467, 0.04784490811228669, 0.024854812784077498, 0.011264048775626995, 0.004413744536865801, 0.0014743215536624815, 0.0004112311743225858, 0.00009302470578737654, 0.00001637471037973259, 0.0000021133637086297186, 1.8307184696517743e-7, 9.274740886729767e-9, 2.182496304979062e-10, 1.5519929432534162e-12, 1.2724876858635228e-15, 5.491728848850543e-21],
    [4.312507728415719e-9, 0.00000340063607661364, 0.00012918636367995458, 0.0013569161427541383, 0.00690432021763175, 0.021963213016838175, 0.05001418012090564, 0.08821771914352149, 0.1265302079885797, 0.15219315669269293, 0.156531701044959, 0.13925774139494398, 0.10775229111451742, 0.0725413956590682, 0.042301867237045605, 0.021163203633825112, 0.008942578217082825, 0.00311774775257704, 0.0008667161588703222, 0.00018272690759060843, 0.000027094804213008828, 0.0000025102984233189005, 1.191358792577784e-7, 2.0006049752811184e-9, 5.2110382947084285e-12, 1.501771926637016e-16],
    [1.355339813312573e-12, 7.069052941070149e-9, 8.550172372038355e-7, 0.000021481137791476827, 0.00022333791859152513, 0.001312611068392535, 0.005154779688006054, 0.01493209194783452, 0.03395253264708456, 0.06310980715855476, 0.09850788344903093, 0.13140115691609672, 0.15138345598097144, 0.15138345598097144, 0.13140115691609672, 0.09850788344903093, 0.06310980715855476, 0.03395253264708456, 0.01493209194783452, 0.005154779688006054, 0.001312611068392535, 0.00022333791859152513, 0.000021481137791476827, 8.550172372038355e-7, 7.069052941070149e-9, 1.355339813312573e-12],
  ], [
    // Length  27
    [0.10616336566928643, 0.2721936828973946, 0.2608217526522761, 0.17731347402898692, 0.09962717580349402, 0.04896979274677707, 0.02160109007594575, 0.008653769834569874, 0.0031636766472941356, 0.0010557837255766537, 0.0003206874512676499, 0.00008815428456543259, 0.000021748322763529387, 0.000004761402014698607, 9.115842028855612e-7, 1.4975988599603067e-7, 2.060228985018794e-8, 2.2987628298614055e-9, 1.9939362366970512e-10, 1.2691049569654361e-11, 5.465679629502875e-13, 1.4145516314287875e-14, 1.831079130205376e-16, 8.723636241170207e-19, 8.611678732567472e-22, 4.840856830352888e-26, 2.498267189005699e-33],
